0.0,1.0,3.0,1.0,5.0,5.5,56.142857142857146,119.23076923076923,1.0,28.727272727272727,10.666666666666666,6.0,5.0,225.875,1.3333333333333333,0.0,15.666666666666666,12.727272727272727,13.5,1.0,16.53846153846154,1.0,15.142857142857142,1.8333333333333333,1.5,22.77777777777778,9.8,9.142857142857142,119.6,76.73913043478261,3.3333333333333335,9.625,14.4,46.9,27.0,2.888888888888889,3.0,19.666666666666668,1.7142857142857142,7.666666666666667,1.6,2.0,1.25,1.0,10.0,1.0,1.4,1.0,1.0,1.0,1.0,1.25,0.0,0.0,1.0,1.0,8.0,0.0,1.5714285714285714,1.0,1.0,1.3,1.3333333333333333,0.0,0.0,0.0,1.0,1.6666666666666667,1.0,2.0,0.0,0.0,1.0,1.0,1.125,5.75,7.5,0.0,1.0,1.0,0.0,0.0,1.0,10.333333333333334
1.0,0.0,2.5714285714285716,1.1428571428571428,1.4,5.6,1.4444444444444444,3.111111111111111,3.4285714285714284,1.4166666666666667,11.6,2.5555555555555554,17.8,1.1111111111111112,3.2,3.2222222222222223,12.333333333333334,2.75,7.833333333333333,1.3,3.25,10.0,2.75,6.888888888888889,12.1,34.4,94.80952380952381,6.615384615384615,4.857142857142857,1.3333333333333333,7.2,2.7777777777777777,2.0,1.4444444444444444,5.0,2.7142857142857144,3.375,3.6666666666666665,2.8333333333333335,5.25,1.5,4.5,4.571428571428571,7.333333333333333,1.3333333333333333,1.3333333333333333,1.7142857142857142,1.2,1.3333333333333333,1.0,30.2,3.0,1.0,1.3333333333333333,1.0,1.5,55.0,1.3333333333333333,2.7777777777777777,2.7857142857142856,1.0,18.071428571428573,2.8,1.0,3.3636363636363638,0.0,1.5,3.1666666666666665,1.8571428571428572,1.8571428571428572,3.0,3.375,7.090909090909091,6.428571428571429,25.2,133.0,9.181818181818182,1.0,2.0,11.642857142857142,1.3333333333333333,0.0,1.375,6.666666666666667
3.0,2.5714285714285716,0.0,1.3,3.5,19.75,284.57142857142856,136.57142857142858,2.5,70.71428571428571,24.428571428571427,5.461538461538462,15.466666666666667,142.0,3.9,5.0,194.52631578947367,25.75,35.0,3.0,120.76190476190476,5.428571428571429,398.82608695652175,10.0,3.111111111111111,456.5,355.95238095238096,106.0,71.9090909090909,65.0,17.0,17.181818181818183,1.75,31.125,23.857142857142858,67.94117647058823,38.1,52.7,18.416666666666668,31.4,8.666666666666666,25.0,107.83333333333333,18.166666666666668,12.2,3.125,20.0,3.3333333333333335,1.5,1.0,1.6,56.42857142857143,1.0,3.3333333333333335,3.0,3.3636363636363638,15.266666666666667,3.5,9.0,11.0,3.0,22.5,46.0,3.0,25.0,62.333333333333336,6.0,35.285714285714285,1.4666666666666666,8.833333333333334,2.8333333333333335,159.75,9.4,3.2,65.3076923076923,118.0,6.866666666666666,39.666666666666664,3.3333333333333335,10.23076923076923,3.0,0.0,14.0,12.785714285714286
1.0,1.1428571428571428,1.3,0.0,16.5,39.07142857142857,27.0,48.0,13.1875,71.71428571428571,17.1,41.34782608695652,12.916666666666666,33.4,17.0,3.25,3.2,25.0,7.4,34.904761904761905,6.428571428571429,5.142857142857143,3.1818181818181817,47.55,3.2,51.0,10.9,73.95833333333333,68.0,3.3333333333333335,6.571428571428571,18.333333333333332,0.0,14.0,95.94117647058823,16.555555555555557,7.4,11.166666666666666,3.7142857142857144,22.857142857142858,3.0,4.8,42.0,25.0,3.25,3.8,27.0,1.25,4.5,3.0,1.0,2.6666666666666665,28.0,6.2,13.833333333333334,13.9375,59.8235294117647,6.571428571428571,90.58823529411765,13.0,19.384615384615383,11.666666666666666,11.764705882352942,5.117647058823529,1.5,1.3333333333333333,10.666666666666666,7.25,39.625,5.5,3.0,4.666666666666667,31.0625,2.6,16.181818181818183,11.25,67.2,3.1538461538461537,1.4285714285714286,6.875,3.8333333333333335,0.0,3.0,84.42857142857143
5.0,1.4,3.5,16.5,0.0,74.08333333333333,15.166666666666666,73.33333333333333,10.555555555555555,66.875,76.375,41.15384615384615,34.0625,28.3,47.9,1.2,6.75,25.5,10.75,22.625,14.285714285714286,3.0,9.7,19.88888888888889,5.4,72.0,32.42857142857143,32.785714285714285,18.5,2.6666666666666665,16.2,58.0,1.0,15.1,221.6,32.5,15.142857142857142,32.57142857142857,17.333333333333332,75.33333333333333,17.923076923076923,16.833333333333332,15.615384615384615,6.75,5.3,4.0,21.25,6.6,3.0,1.6666666666666667,1.0,3.375,4.333333333333333,3.5454545454545454,20.0,16.714285714285715,61.4,6.0,56.375,8.833333333333334,12.928571428571429,21.571428571428573,20.142857142857142,10.7,3.0,1.5,19.25,13.0,21.666666666666668,4.5,1.125,6.428571428571429,16.11111111111111,4.166666666666667,19.375,21.0,36.22222222222222,5.0,1.75,15.285714285714286,4.75,1.0,6.166666666666667,154.5
5.5,5.6,19.75,39.07142857142857,74.08333333333333,0.0,150.28571428571428,490.4583333333333,28.176470588235293,407.2083333333333,96.78571428571429,193.52173913043478,68.44444444444444,109.34782608695652,122.10526315789474,3.272727272727273,23.916666666666668,39.875,26.727272727272727,62.05555555555556,22.75,7.8,29.90909090909091,66.6842105263158,7.0,164.0,170.5,128.25,62.0,29.0,24.11111111111111,124.45454545454545,1.5,30.857142857142858,764.125,115.38461538461539,37.833333333333336,52.083333333333336,20.8,203.45833333333334,23.2,19.0,41.46666666666667,13.181818181818182,8.384615384615385,5.125,39.142857142857146,7.571428571428571,3.3846153846153846,1.1666666666666667,1.2222222222222223,6.2,22.5625,7.142857142857143,50.375,30.071428571428573,168.08695652173913,10.0,137.43478260869566,20.764705882352942,47.43478260869565,35.8125,30.941176470588236,17.476190476190474,6.166666666666667,2.6,23.4,21.142857142857142,49.333333333333336,6.615384615384615,3.2,11.357142857142858,45.73684210526316,5.7,46.0625,57.0,129.76923076923077,17.4,5.0,20.5,9.5,0.0,8.222222222222221,297.72727272727275
56.142857142857146,1.4444444444444444,284.57142857142856,27.0,15.166666666666666,150.28571428571428,0.0,516.0,8.555555555555555,982.9166666666666,29.72222222222222,22.72222222222222,44.75,657.05,20.454545454545453,4.777777777777778,119.8,52.76923076923077,76.85714285714286,18.5,327.26666666666665,9.571428571428571,239.6,147.1818181818182,2.9,521.625,113.44444444444444,1265.625,232.0,944.4583333333334,9.4,45.11764705882353,13.166666666666666,52.3,222.45454545454547,41.6,37.57142857142857,32.526315789473685,8.0,28.0,17.0,18.714285714285715,15.933333333333334,4.666666666666667,31.5,27.0,11.0,2.6,1.625,1.4,1.0,6.0,8.6,1.625,5.571428571428571,68.2,46.09090909090909,2.7,23.6,9.571428571428571,9.2,24.0,32.25,11.4,2.5,1.1428571428571428,6.333333333333333,5.428571428571429,55.0,48.0,3.8333333333333335,17.5,36.57142857142857,1.4,14.533333333333333,18.133333333333333,141.0,10.333333333333334,4.25,7.7,3.6666666666666665,0.0,26.0,34.27777777777778
119.23076923076923,3.111111111111111,136.57142857142858,48.0,73.33333333333333,490.4583333333333,516.0,0.0,26.933333333333334,1009.375,112.25,270.5,78.4,1378.7916666666667,133.33333333333334,1.6842105263157894,162.33333333333334,107.58823529411765,86.8,97.86666666666666,113.33333333333333,4.8,163.9090909090909,59.65217391304348,12.166666666666666,460.06666666666666,92.3157894736842,184.0,252.34782608695653,144.94444444444446,45.857142857142854,299.1,11.25,98.61904761904762,1087.4166666666667,109.4375,31.95,65.45833333333333,18.529411764705884,196.33333333333334,18.11111111111111,20.55,44.8235294117647,12.076923076923077,12.75,4.75,39.6875,9.25,4.875,1.75,2.8,9.571428571428571,24.357142857142858,8.0,46.55555555555556,35.61538461538461,214.13636363636363,12.5625,182.9090909090909,22.5625,66.05,34.0,38.15384615384615,31.0,4.6,4.0,24.875,41.0,68.0,8.615384615384615,3.5714285714285716,14.666666666666666,41.130434782608695,6.5,38.81818181818182,53.55555555555556,109.66666666666667,12.88888888888889,5.166666666666667,24.916666666666668,12.636363636363637,1.0,15.125,466.77777777777777
1.0,3.4285714285714284,2.5,13.1875,10.555555555555555,28.176470588235293,8.555555555555555,26.933333333333334,0.0,20.9375,13.428571428571429,48.7,14.705882352941176,5.833333333333333,12.142857142857142,6.6,2.8,7.0,3.125,27.058823529411764,12.8,15.0,5.375,73.0,8.5,16.90909090909091,26.22222222222222,57.869565217391305,3.272727272727273,1.4285714285714286,9.285714285714286,12.538461538461538,0.0,3.75,72.42857142857143,7.823529411764706,2.6666666666666665,5.0,1.4285714285714286,18.166666666666668,3.0,2.8181818181818183,8.461538461538462,3.4545454545454546,1.4166666666666667,1.0,10.25,2.5,1.6,1.0,6.5,2.6,10.857142857142858,7.25,13.125,12.157894736842104,61.421052631578945,14.0,49.89473684210526,6.8,21.58823529411765,12.066666666666666,15.25,9.1,8.9,1.3333333333333333,4.75,16.0,13.352941176470589,9.0,7.3,7.833333333333333,54.391304347826086,5.25,13.153846153846153,28.2,59.869565217391305,4.7,1.6,6.5,4.375,0.0,1.6666666666666667,80.77272727272727
28.727272727272727,1.4166666666666667,70.71428571428571,71.71428571428571,66.875,407.2083333333333,982.9166666666666,1009.375,20.9375,0.0,119.125,374.2083333333333,85.07142857142857,594.9444444444445,63.21052631578947,2.375,60.72727272727273,229.25,58.111111111111114,242.82608695652175,67.8,4.8,221.0,72.1875,4.846153846153846,259.88235294117646,73.88888888888889,493.875,186.33333333333334,84.70588235294117,35.714285714285715,182.85714285714286,7.5,65.5,1109.5416666666667,52.1875,37.857142857142854,98.875,15.0,78.47826086956522,16.571428571428573,17.0,25.866666666666667,18.666666666666668,8.571428571428571,5.333333333333333,49.75,8.4,4.4,1.4285714285714286,1.25,10.4,32.875,10.11111111111111,31.09090909090909,69.16666666666667,202.94117647058823,12.307692307692308,340.85714285714283,32.375,57.125,34.42857142857143,88.71428571428571,26.11111111111111,3.0,3.0,22.4,21.8,115.625,14.166666666666666,2.875,14.0,39.63636363636363,5.636363636363637,44.3125,38.833333333333336,171.31578947368422,28.2,3.4545454545454546,23.333333333333332,17.0,1.5,15.11111111111111,303.7083333333333
10.666666666666666,11.6,24.428571428571427,17.1,76.375,96.78571428571429,29.72222222222222,112.25,13.428571428571429,119.125,0.0,89.0,220.83333333333334,120.4,31.214285714285715,2.4444444444444446,43.294117647058826,226.5,60.81818181818182,41.15384615384615,45.1,6.3,54.125,24.785714285714285,21.625,331.2916666666667,117.26315789473684,116.23076923076923,155.91304347826087,27.181818181818183,63.666666666666664,176.33333333333334,4.625,156.91666666666666,180.14285714285714,88.38461538461539,41.13333333333333,146.78947368421052,28.25,89.82352941176471,51.4,20.294117647058822,62.77777777777778,16.0,15.454545454545455,6.214285714285714,21.476190476190474,9.7,7.2727272727272725,4.5,5.333333333333333,19.6,7.0,7.0,28.4,23.0,92.27272727272727,7.666666666666667,63.42857142857143,35.95,38.0,106.25,20.133333333333333,14.3125,3.1666666666666665,1.3076923076923077,24.2,15.222222222222221,53.5,7.666666666666667,3.5,18.75,27.416666666666668,26.2,52.44444444444444,80.88888888888889,61.833333333333336,34.666666666666664,5.666666666666667,67.07142857142857,13.2,2.0,12.928571428571429,123.07142857142857
6.0,2.5555555555555554,5.461538461538462,41.34782608695652,41.15384615384615,193.52173913043478,22.72222222222222,270.5,48.7,374.2083333333333,89.0,0.0,82.41666666666667,156.85714285714286,69.0,2.9,25.666666666666668,88.2,25.444444444444443,129.95454545454547,12.928571428571429,6.857142857142857,17.583333333333332,88.79166666666667,7.2727272727272725,96.05555555555556,48.27777777777778,147.63636363636363,153.33333333333334,12.0,22.09090909090909,86.52941176470588,10.0,59.2,824.3478260869565,74.7,29.857142857142858,75.28571428571429,9.5,88.52380952380952,10.0,21.8,27.0,18.333333333333332,8.923076923076923,3.5,34.73684210526316,4.916666666666667,4.363636363636363,1.0,2.4285714285714284,4.909090909090909,33.0,13.714285714285714,74.47058823529412,47.07692307692308,318.94117647058823,28.2,336.7,26.0,102.0,27.428571428571427,85.28571428571429,29.666666666666668,6.285714285714286,6.0,36.42857142857143,136.0,61.65217391304348,11.5,2.642857142857143,11.454545454545455,60.95454545454545,6.6,79.22222222222223,38.21739130434783,123.8695652173913,30.25,5.75,13.652173913043478,24.444444444444443,0.0,8.555555555555555,537.85
5.0,17.8,15.466666666666667,12.916666666666666,34.0625,68.44444444444444,44.75,78.4,14.705882352941176,85.07142857142857,220.83333333333334,82.41666666666667,0.0,56.72727272727273,24.0,3.6842105263157894,26.09090909090909,82.94117647058823,31.4,28.375,45.4,20.0,31.58823529411765,46.333333333333336,79.18181818181819,215.73684210526315,247.91666666666666,103.86666666666666,68.3076923076923,17.333333333333332,110.04166666666667,99.77272727272727,6.5,52.45454545454545,165.64285714285714,117.9375,62.916666666666664,60.5,39.4,76.52631578947368,45.111111111111114,30.555555555555557,65.42105263157895,44.111111111111114,27.214285714285715,20.25,50.5,19.0,20.571428571428573,2.4,13.0,15.133333333333333,10.1,12.5,28.176470588235293,23.0,156.75,7.333333333333333,72.78571428571429,93.0,29.5,290.04545454545456,50.833333333333336,23.4375,9.0,3.4545454545454546,28.0,39.0,20.77777777777778,15.916666666666666,7.375,24.529411764705884,41.888888888888886,63.95454545454545,153.6153846153846,232.875,57.90909090909091,26.5,9.0,139.0909090909091,23.583333333333332,1.3333333333333333,24.866666666666667,116.6875
225.875,1.1111111111111112,142.0,33.4,28.3,109.34782608695652,657.05,1378.7916666666667,5.833333333333333,594.9444444444445,120.4,156.85714285714286,56.72727272727273,0.0,28.375,2.888888888888889,219.25,170.44444444444446,157.73684210526315,71.33333333333333,156.8,2.9,180.64285714285714,27.166666666666668,5.25,318.70588235294116,134.375,323.2,1078.6666666666667,467.6363636363636,19.0,170.17391304347825,75.55555555555556,371.4782608695652,155.91304347826087,50.05263157894737,38.714285714285715,219.7058823529412,21.0,90.9375,10.375,15.1,20.428571428571427,13.5,21.666666666666668,1.4285714285714286,15.307692307692308,4.0,3.4,2.0,1.5,13.666666666666666,10.6,2.5454545454545454,13.23076923076923,83.5,69.92857142857143,4.857142857142857,52.84615384615385,9.166666666666666,26.22222222222222,19.0,20.555555555555557,14.333333333333334,3.4,1.8,10.333333333333334,55.333333333333336,44.0,15.666666666666666,2.6,20.4,18.833333333333332,3.0,55.0,39.375,53.916666666666664,4.888888888888889,8.0,12.333333333333334,8.142857142857142,0.0,6.818181818181818,84.46666666666667
1.3333333333333333,3.2,3.9,17.0,47.9,122.10526315789474,20.454545454545453,133.33333333333334,12.142857142857142,63.21052631578947,31.214285714285715,69.0,24.0,28.375,0.0,1.4444444444444444,6.428571428571429,12.428571428571429,9.166666666666666,32.6875,9.545454545454545,2.75,12.125,32.888888888888886,3.076923076923077,31.25,23.3125,56.10526315789474,14.714285714285714,4.0,9.444444444444445,47.285714285714285,1.0,7.2,248.1818181818182,35.875,14.4,15.666666666666666,6.0,89.0,8.272727272727273,10.9,20.416666666666668,12.6,4.7,2.8,15.785714285714286,5.428571428571429,2.625,0.0,1.6666666666666667,5.4,9.176470588235293,6.888888888888889,24.266666666666666,15.916666666666666,91.26315789473684,7.7272727272727275,75.5,11.444444444444445,27.736842105263158,11.722222222222221,13.266666666666667,10.777777777777779,2.75,1.6666666666666667,16.166666666666668,51.0,31.666666666666668,5.714285714285714,1.0,9.428571428571429,29.53846153846154,3.090909090909091,27.818181818181817,19.157894736842106,48.05555555555556,27.0,3.0,12.5,7.1,1.5,10.4,155.77777777777777
0.0,3.2222222222222223,5.0,3.25,1.2,3.272727272727273,4.777777777777778,1.6842105263157894,6.6,2.375,2.4444444444444446,2.9,3.6842105263157894,2.888888888888889,1.4444444444444444,0.0,3.142857142857143,1.5,1.6666666666666667,2.5555555555555554,33.35294117647059,28.4375,31.125,59.05882352941177,4.714285714285714,5.470588235294118,43.0,89.81818181818181,3.0,4.4,3.0,1.5,1.0,1.8333333333333333,8.833333333333334,8.833333333333334,2.3333333333333335,3.0,1.5714285714285714,2.8,1.0,1.8333333333333333,8.909090909090908,7.333333333333333,6.0,1.3333333333333333,5.333333333333333,1.0,1.0,1.0,3.7142857142857144,3.2,1.5,1.0,1.5,4.666666666666667,8.857142857142858,1.6666666666666667,4.25,3.2,3.142857142857143,5.909090909090909,3.2857142857142856,3.0,20.0,1.0,1.3333333333333333,1.6,2.3333333333333335,21.0,8.75,19.428571428571427,30.8,2.75,9.0,53.69230769230769,61.083333333333336,1.3571428571428572,1.2222222222222223,4.833333333333333,1.0,1.0,4.333333333333333,7.066666666666666
15.666666666666666,12.333333333333334,194.52631578947367,3.2,6.75,23.916666666666668,119.8,162.33333333333334,2.8,60.72727272727273,43.294117647058826,25.666666666666668,26.09090909090909,219.25,6.428571428571429,3.142857142857143,0.0,105.5909090909091,323.5833333333333,4.857142857142857,109.23809523809524,12.333333333333334,385.7083333333333,8.3,7.0,959.3333333333334,319.9375,30.764705882352942,178.6086956521739,120.08333333333333,14.88888888888889,44.18181818181818,38.5,189.16666666666666,67.71428571428571,77.0909090909091,71.28571428571429,56.64705882352941,66.0,23.5,7.666666666666667,20.0,17.88235294117647,14.2,27.0,12.666666666666666,8.88888888888889,4.0,8.0,0.0,3.25,112.0,1.0,1.6666666666666667,8.6,5.571428571428571,30.375,1.0,15.833333333333334,29.6,5.125,15.285714285714286,25.2,5.0,5.2,44.0,24.75,164.33333333333334,3.0,10.75,5.0,63.666666666666664,7.142857142857143,6.0,351.25,209.33333333333334,13.545454545454545,46.0,16.333333333333332,11.545454545454545,5.333333333333333,1.6666666666666667,12.4,19.555555555555557
12.727272727272727,2.75,25.75,25.0,25.5,39.875,52.76923076923077,107.58823529411765,7.0,229.25,226.5,88.2,82.94117647058823,170.44444444444446,12.428571428571429,1.5,105.5909090909091,0.0,201.83333333333334,31.666666666666668,48.25,3.3333333333333335,64.26666666666667,16.75,7.0,381.7916666666667,120.4,88.72727272727273,192.3913043478261,51.642857142857146,25.272727272727273,75.0,13.833333333333334,156.6818181818182,131.2,77.46666666666667,69.33333333333333,161.93333333333334,44.25,56.0,21.6,10.866666666666667,42.714285714285715,9.625,6.571428571428571,9.166666666666666,18.142857142857142,2.625,3.75,0.0,1.0,19.166666666666668,2.75,6.0,15.0,157.0,47.5,3.625,34.9,18.0,10.7,24.818181818181817,12.222222222222221,28.0,3.5,3.4,93.0,17.23076923076923,13.857142857142858,14.5,1.5,56.0,8.8,3.4444444444444446,179.14285714285714,51.5,85.0,8.857142857142858,4.0,88.33333333333333,5.0,0.0,5.538461538461538,88.16666666666667
13.5,7.833333333333333,35.0,7.4,10.75,26.727272727272727,76.85714285714286,86.8,3.125,58.111111111111114,60.81818181818182,25.444444444444443,31.4,157.73684210526315,9.166666666666666,1.6666666666666667,323.5833333333333,201.83333333333334,0.0,12.833333333333334,60.81818181818182,1.75,89.0909090909091,7.454545454545454,32.0,525.9166666666666,223.66666666666666,31.72222222222222,190.9047619047619,99.375,26.0,32.76470588235294,15.833333333333334,174.82608695652175,60.5,108.22222222222223,50.083333333333336,152.36363636363637,31.666666666666668,66.0,3.6875,14.666666666666666,24.1,10.571428571428571,8.272727272727273,27.0,15.25,1.4285714285714286,3.4285714285714284,1.5,1.5555555555555556,23.857142857142858,1.2,3.1666666666666665,13.4,4.888888888888889,29.7,1.4285714285714286,19.88888888888889,15.25,5.25,10.0,14.142857142857142,4.3,4.0,11.2,65.66666666666667,115.28571428571429,3.5555555555555554,9.75,1.5,25.25,7.857142857142857,5.5,272.09090909090907,117.64285714285714,14.454545454545455,16.285714285714285,3.125,52.8,2.5714285714285716,1.0,5.25,36.9
1.0,1.3,3.0,34.904761904761905,22.625,62.05555555555556,18.5,97.86666666666666,27.058823529411764,242.82608695652175,41.15384615384615,129.95454545454547,28.375,71.33333333333333,32.6875,2.5555555555555554,4.857142857142857,31.666666666666668,12.833333333333334,0.0,9.833333333333334,4.6,7.875,64.4090909090909,2.5555555555555554,71.55555555555556,26.866666666666667,76.73913043478261,49.5,2.4,24.5,29.41176470588235,1.0,6.8,183.08695652173913,44.6,15.666666666666666,14.555555555555555,5.666666666666667,56.888888888888886,6.4,29.5,14.76923076923077,5.785714285714286,3.6363636363636362,3.25,19.133333333333333,3.0,2.75,1.3333333333333333,1.5555555555555556,3.3333333333333335,22.333333333333332,5.555555555555555,24.88235294117647,33.888888888888886,114.78947368421052,10.375,160.42857142857142,15.545454545454545,42.3125,15.266666666666667,28.416666666666668,12.333333333333334,1.5384615384615385,1.5,58.0,12.2,50.529411764705884,8.875,2.6,7.125,39.9,3.125,37.55555555555556,25.533333333333335,113.42857142857143,7.25,1.4285714285714286,15.333333333333334,15.833333333333334,1.0,5.666666666666667,171.52173913043478
16.53846153846154,3.25,120.76190476190476,6.428571428571429,14.285714285714286,22.75,327.26666666666665,113.33333333333333,12.8,67.8,45.1,12.928571428571429,45.4,156.8,9.545454545454545,33.35294117647059,109.23809523809524,48.25,60.81818181818182,9.833333333333334,0.0,25.444444444444443,770.75,77.75,3.1,210.13636363636363,103.21428571428571,358.0,232.5,775.75,11.933333333333334,27.375,35.77777777777778,167.41176470588235,72.18181818181819,97.57142857142857,39.90909090909091,122.57142857142857,23.25,33.7,11.222222222222221,29.2,64.6923076923077,18.333333333333332,10.833333333333334,4.0,17.25,2.6666666666666665,3.5,5.0,3.0,40.5,3.2857142857142856,3.2,5.416666666666667,10.5,27.666666666666668,2.625,14.125,66.0,9.125,24.11111111111111,26.75,4.846153846153846,19.0,1.5,3.3076923076923075,8.125,21.0,60.0,20.0,73.9,54.333333333333336,3.3333333333333335,75.4,73.3,88.3076923076923,11.0,6.6,20.0,3.4285714285714284,1.0,7.222222222222222,29.58823529411765
1.0,10.0,5.428571428571429,5.142857142857143,3.0,7.8,9.571428571428571,4.8,15.0,4.8,6.3,6.857142857142857,20.0,2.9,2.75,28.4375,12.333333333333334,3.3333333333333335,1.75,4.6,25.444444444444443,0.0,12.727272727272727,74.78947368421052,9.0,16.22222222222222,84.0,67.5,3.25,3.5,7.857142857142857,2.9,0.0,1.6666666666666667,11.357142857142858,5.533333333333333,2.375,3.0,1.6666666666666667,5.0,1.2,2.6666666666666665,7.909090909090909,7.7,1.5,1.3333333333333333,5.166666666666667,1.5,1.0,1.0,8.538461538461538,3.3333333333333335,5.571428571428571,1.0,3.8333333333333335,6.5,7.222222222222222,5.285714285714286,8.153846153846153,4.6,4.666666666666667,13.1875,5.0,3.2857142857142856,33.3,1.0,1.0,3.6,3.4,14.142857142857142,42.45454545454545,15.23076923076923,42.38095238095238,7.6,13.916666666666666,91.15,50.111111111111114,2.7142857142857144,1.8,6.6,1.2857142857142858,0.0,1.5,12.4
15.142857142857142,2.75,398.82608695652175,3.1818181818181817,9.7,29.90909090909091,239.6,163.9090909090909,5.375,221.0,54.125,17.583333333333332,31.58823529411765,180.64285714285714,12.125,31.125,385.7083333333333,64.26666666666667,89.0909090909091,7.875,770.75,12.727272727272727,0.0,48.36363636363637,8.8,627.7916666666666,479.72727272727275,275.7857142857143,179.54166666666666,404.3333333333333,19.77777777777778,32.8421052631579,34.8,162.89473684210526,101.11111111111111,138.26666666666668,47.55555555555556,95.0625,35.0,32.266666666666666,16.833333333333332,17.642857142857142,147.4,22.5,12.333333333333334,4.555555555555555,10.555555555555555,13.0,9.0,1.0,5.666666666666667,103.16666666666667,4.0,10.25,7.166666666666667,6.333333333333333,33.0,4.0,16.0,30.0,7.375,40.25,16.285714285714285,5.4,12.4,7.166666666666667,5.636363636363637,38.75,7.4,31.8,24.0,169.33333333333334,24.8,6.0,85.0909090909091,151.2,63.57142857142857,16.5,6.5,28.2,3.272727272727273,1.6666666666666667,74.0,46.6
1.8333333333333333,6.888888888888889,10.0,47.55,19.88888888888889,66.6842105263158,147.1818181818182,59.65217391304348,73.0,72.1875,24.785714285714285,88.79166666666667,46.333333333333336,27.166666666666668,32.888888888888886,59.05882352941177,8.3,16.75,7.454545454545454,64.4090909090909,77.75,74.78947368421052,48.36363636363637,0.0,18.7,48.529411764705884,111.72727272727273,516.0833333333334,16.22222222222222,15.727272727272727,15.4,28.733333333333334,2.0,5.5,152.34782608695653,30.238095238095237,20.285714285714285,16.666666666666668,4.666666666666667,30.304347826086957,5.083333333333333,6.533333333333333,34.714285714285715,16.583333333333332,5.111111111111111,14.0,21.0,4.75,1.7142857142857142,3.0,10.181818181818182,7.0,27.666666666666668,12.0,20.42105263157895,42.666666666666664,89.1304347826087,22.35,89.45454545454545,15.363636363636363,36.25,34.0,26.8,15.307692307692308,33.476190476190474,1.4,10.333333333333334,12.285714285714286,30.636363636363637,68.88888888888889,28.4,40.46666666666667,228.54166666666666,8.0,41.5625,138.72727272727272,274.3333333333333,16.5,12.285714285714286,12.894736842105264,7.875,1.0,5.0,130.65217391304347
1.5,12.1,3.111111111111111,3.2,5.4,7.0,2.9,12.166666666666666,8.5,4.846153846153846,21.625,7.2727272727272725,79.18181818181819,5.25,3.076923076923077,4.714285714285714,7.0,7.0,32.0,2.5555555555555554,3.1,9.0,8.8,18.7,0.0,71.45454545454545,133.6,12.176470588235293,3.7777777777777777,4.25,48.733333333333334,9.666666666666666,1.0,4.0,9.555555555555555,16.076923076923077,9.666666666666666,4.769230769230769,5.142857142857143,8.125,3.0,7.2,10.545454545454545,10.0,6.6,3.0,4.5,4.0,1.2857142857142858,1.0,10.777777777777779,5.5,3.0,3.6666666666666665,3.3846153846153846,3.0,15.904761904761905,1.6363636363636365,8.692307692307692,16.705882352941178,5.8,86.6086956521739,6.166666666666667,3.230769230769231,4.285714285714286,3.5,6.0,5.571428571428571,3.2222222222222223,24.0,3.6666666666666665,10.166666666666666,12.933333333333334,46.875,98.4,152.72727272727272,18.0,5.25,3.3333333333333335,61.53846153846154,5.666666666666667,1.0,3.6153846153846154,11.705882352941176
22.77777777777778,34.4,456.5,51.0,72.0,164.0,521.625,460.06666666666666,16.90909090909091,259.88235294117646,331.2916666666667,96.05555555555556,215.73684210526315,318.70588235294116,31.25,5.470588235294118,959.3333333333334,381.7916666666667,525.9166666666666,71.55555555555556,210.13636363636363,16.22222222222222,627.7916666666666,48.529411764705884,71.45454545454545,0.0,1697.4166666666667,194.69565217391303,264.90909090909093,166.3125,126.83333333333333,121.4090909090909,15.428571428571429,195.1818181818182,205.7058823529412,230.17391304347825,165.0,178.42105263157896,73.22222222222223,91.52941176470588,44.666666666666664,61.45454545454545,100.875,37.416666666666664,21.25,11.263157894736842,49.857142857142854,5.071428571428571,11.666666666666666,3.0,11.727272727272727,112.9375,8.9,12.333333333333334,36.2,30.0,101.31818181818181,9.833333333333334,99.3076923076923,72.36363636363636,22.428571428571427,127.625,31.625,32.857142857142854,8.222222222222221,44.166666666666664,123.25,169.1818181818182,30.285714285714285,42.4,11.5,80.625,31.0,29.933333333333334,921.8333333333334,626.9565217391304,80.94736842105263,23.058823529411764,50.0,144.94117647058823,27.8,1.0,18.058823529411764,152.41176470588235
9.8,94.80952380952381,355.95238095238096,10.9,32.42857142857143,170.5,113.44444444444444,92.3157894736842,26.22222222222222,73.88888888888889,117.26315789473684,48.27777777777778,247.91666666666666,134.375,23.3125,43.0,319.9375,120.4,223.66666666666666,26.866666666666667,103.21428571428571,84.0,479.72727272727275,111.72727272727273,133.6,1697.4166666666667,0.0,158.66666666666666,137.8235294117647,22.933333333333334,171.52173913043478,46.25,9.0,61.473684210526315,114.85714285714286,148.61904761904762,81.1875,164.83333333333334,59.25,53.80952380952381,15.461538461538462,39.642857142857146,79.10526315789474,54.083333333333336,28.384615384615383,15.23076923076923,29.555555555555557,5.705882352941177,5.615384615384615,2.75,75.375,130.3846153846154,9.3125,12.8,16.1,18.35,76.66666666666667,14.4,58.05882352941177,74.35714285714286,24.6,189.79166666666666,42.0,13.944444444444445,42.44444444444444,19.285714285714285,157.5,88.75,15.615384615384615,40.833333333333336,29.571428571428573,143.22222222222223,86.56521739130434,107.94444444444444,469.6818181818182,1531.1739130434783,131.8,28.0,6.9,183.5,11.76923076923077,1.0,14.294117647058824,95.43478260869566
9.142857142857142,6.615384615384615,106.0,73.95833333333333,32.785714285714285,128.25,1265.625,184.0,57.869565217391305,493.875,116.23076923076923,147.63636363636363,103.86666666666666,323.2,56.10526315789474,89.81818181818181,30.764705882352942,88.72727272727273,31.72222222222222,76.73913043478261,358.0,67.5,275.7857142857143,516.0833333333334,12.176470588235293,194.69565217391303,158.66666666666666,0.0,138.05263157894737,295.7083333333333,28.35,86.4375,7.25,65.3125,372.25,128.3,66.7,70.16666666666667,25.7,109.94444444444444,18.3,28.875,100.4,40.142857142857146,14.473684210526315,10.25,50.0,15.0,10.8,15.0,5.166666666666667,15.538461538461538,35.7,9.222222222222221,41.78947368421053,140.65,210.8,14.909090909090908,223.7826086956522,42.083333333333336,55.833333333333336,57.4375,107.5,23.736842105263158,35.642857142857146,3.272727272727273,27.09090909090909,18.833333333333332,157.75,72.45454545454545,38.0,75.71428571428571,201.82608695652175,7.823529411764706,114.9,141.69565217391303,618.0833333333334,32.888888888888886,62.666666666666664,26.72222222222222,21.75,1.0,43.833333333333336,248.69565217391303
119.6,4.857142857142857,71.9090909090909,68.0,18.5,62.0,232.0,252.34782608695653,3.272727272727273,186.33333333333334,155.91304347826087,153.33333333333334,68.3076923076923,1078.6666666666667,14.714285714285714,3.0,178.6086956521739,192.3913043478261,190.9047619047619,49.5,232.5,3.25,179.54166666666666,16.22222222222222,3.7777777777777777,264.90909090909093,137.8235294117647,138.05263157894737,0.0,619.0833333333334,19.666666666666668,125.70833333333333,82.94444444444444,693.7916666666666,91.0,60.857142857142854,93.4,411.6,34.0,104.83333333333333,22.75,19.375,17.466666666666665,5.4,64.0,2.5384615384615383,8.8,2.7777777777777777,2.8333333333333335,2.0,1.5,39.5,2.4,23.0,9.222222222222221,5.3076923076923075,25.88888888888889,7.0,24.90909090909091,6.5,10.0,19.0,20.0,7.75,2.75,3.8,10.666666666666666,32.2,13.0,4.857142857142857,1.0,16.0,6.2105263157894735,3.2,48.714285714285715,77.75,21.571428571428573,12.4,1.375,8.944444444444445,5.0,0.0,6.8,39.142857142857146
76.73913043478261,1.3333333333333333,65.0,3.3333333333333335,2.6666666666666665,29.0,944.4583333333334,144.94444444444446,1.4285714285714286,84.70588235294117,27.181818181818183,12.0,17.333333333333332,467.6363636363636,4.0,4.4,120.08333333333333,51.642857142857146,99.375,2.4,775.75,3.5,404.3333333333333,15.727272727272727,4.25,166.3125,22.933333333333334,295.7083333333333,619.0833333333334,0.0,6.833333333333333,27.105263157894736,106.5,192.95833333333334,36.333333333333336,37.25,32.0,113.2,5.0,12.666666666666666,2.6666666666666665,5.6,34.333333333333336,5.75,81.0,3.0,3.6,1.0,1.3333333333333333,2.0,0.0,8.2,1.0,7.0,1.2857142857142858,5.0,7.333333333333333,1.0,3.1538461538461537,3.6,1.4444444444444444,6.857142857142857,16.5,1.625,1.4,1.5,3.6666666666666665,5.5,1.5,15.0,1.0,31.333333333333332,2.7142857142857144,1.6666666666666667,10.5,14.333333333333334,28.5,29.0,8.0,5.25,1.625,0.0,1.8571428571428572,5.166666666666667
3.3333333333333335,7.2,17.0,6.571428571428571,16.2,24.11111111111111,9.4,45.857142857142854,9.285714285714286,35.714285714285715,63.666666666666664,22.09090909090909,110.04166666666667,19.0,9.444444444444445,3.0,14.88888888888889,25.272727272727273,26.0,24.5,11.933333333333334,7.857142857142857,19.77777777777778,15.4,48.733333333333334,126.83333333333333,171.52173913043478,28.35,19.666666666666668,6.833333333333333,0.0,20.785714285714285,1.6,16.3,42.23076923076923,43.0,24.4,29.133333333333333,26.5,27.583333333333332,13.333333333333334,11.571428571428571,19.523809523809526,10.0,6.818181818181818,3.5384615384615383,14.0,2.9166666666666665,2.6363636363636362,1.0,4.538461538461538,5.545454545454546,2.8333333333333335,3.111111111111111,7.3076923076923075,7.6,31.61111111111111,3.0,15.470588235294118,61.75,5.615384615384615,94.0,10.76923076923077,7.0,3.625,10.5,23.0,18.4,5.222222222222222,4.625,3.1666666666666665,6.923076923076923,31.0,33.083333333333336,137.75,151.6086956521739,27.5,9.666666666666666,1.3,88.72727272727273,6.222222222222222,1.0,9.0,30.705882352941178
9.625,2.7777777777777777,17.181818181818183,18.333333333333332,58.0,124.45454545454545,45.11764705882353,299.1,12.538461538461538,182.85714285714286,176.33333333333334,86.52941176470588,99.77272727272727,170.17391304347825,47.285714285714285,1.5,44.18181818181818,75.0,32.76470588235294,29.41176470588235,27.375,2.9,32.8421052631579,28.733333333333334,9.666666666666666,121.4090909090909,46.25,86.4375,125.70833333333333,27.105263157894736,20.785714285714285,0.0,13.0,144.375,257.05555555555554,58.38095238095238,31.470588235294116,136.57142857142858,29.5,119.95454545454545,34.5,22.736842105263158,28.176470588235293,27.0,6.9411764705882355,6.2,21.375,9.125,5.8,1.8,1.4285714285714286,6.2727272727272725,12.11111111111111,9.25,21.1875,27.25,118.5,5.2,65.6470588235294,19.928571428571427,34.45454545454545,37.42857142857143,24.25,17.615384615384617,3.2,3.0,18.666666666666668,21.25,32.111111111111114,14.6,1.5,14.0,27.727272727272727,4.818181818181818,50.9,32.04545454545455,46.625,9.5,4.833333333333333,19.666666666666668,13.2,1.0,10.76923076923077,122.63157894736842
14.4,2.0,1.75,0.0,1.0,1.5,13.166666666666666,11.25,0.0,7.5,4.625,10.0,6.5,75.55555555555556,1.0,1.0,38.5,13.833333333333334,15.833333333333334,1.0,35.77777777777778,0.0,34.8,2.0,1.0,15.428571428571429,9.0,7.25,82.94444444444444,106.5,1.6,13.0,0.0,55.625,2.6,3.5,3.0,45.166666666666664,2.75,5.25,4.0,1.2,1.0,1.0,2.0,0.0,0.0,0.0,0.0,0.0,0.0,1.0,0.0,2.0,0.0,0.0,1.3333333333333333,1.0,1.0,1.0,1.0,2.0,1.0,0.0,1.0,0.0,0.0,1.0,0.0,1.0,0.0,0.0,0.0,0.0,1.8333333333333333,2.75,1.2,1.0,1.0,0.0,1.0,0.0,1.0,1.1111111111111112
46.9,1.4444444444444444,31.125,14.0,15.1,30.857142857142858,52.3,98.61904761904762,3.75,65.5,156.91666666666666,59.2,52.45454545454545,371.4782608695652,7.2,1.8333333333333333,189.16666666666666,156.6818181818182,174.82608695652175,6.8,167.41176470588235,1.6666666666666667,162.89473684210526,5.5,4.0,195.1818181818182,61.473684210526315,65.3125,693.7916666666666,192.95833333333334,16.3,144.375,55.625,0.0,43.45454545454545,25.235294117647058,23.533333333333335,300.85,26.153846153846153,68.6,16.357142857142858,9.181818181818182,11.538461538461538,8.4,8.25,4.333333333333333,6.9,3.6,1.2222222222222223,1.0,1.0,7.4,1.3333333333333333,22.0,10.571428571428571,2.727272727272727,17.529411764705884,1.2727272727272727,15.2,11.285714285714286,5.25,10.0,6.4,3.25,1.2222222222222223,1.5,5.142857142857143,9.714285714285714,5.5,3.6,1.0,14.0,2.7333333333333334,1.4285714285714286,28.6,34.55555555555556,19.857142857142858,4.833333333333333,18.0,25.75,3.1538461538461537,0.0,5.0,30.0
27.0,5.0,23.857142857142858,95.94117647058823,221.6,764.125,222.45454545454547,1087.4166666666667,72.42857142857143,1109.5416666666667,180.14285714285714,824.3478260869565,165.64285714285714,155.91304347826087,248.1818181818182,8.833333333333334,67.71428571428571,131.2,60.5,183.08695652173913,72.18181818181819,11.357142857142858,101.11111111111111,152.34782608695653,9.555555555555555,205.7058823529412,114.85714285714286,372.25,91.0,36.333333333333336,42.23076923076923,257.05555555555554,2.6,43.45454545454545,0.0,95.41666666666667,30.565217391304348,106.45454545454545,15.833333333333334,261.2916666666667,28.90909090909091,45.38461538461539,83.3,27.176470588235293,24.266666666666666,6.428571428571429,77.3913043478261,16.384615384615383,8.928571428571429,5.333333333333333,3.4,16.25,60.46666666666667,23.923076923076923,167.58823529411765,79.3529411764706,612.3333333333334,46.90909090909091,612.1304347826087,55.0,200.28571428571428,72.75,81.84210526315789,61.45,10.3,8.0,60.0,118.5,141.57142857142858,27.636363636363637,12.25,49.111111111111114,122.61904761904762,9.375,96.04761904761905,113.19047619047619,235.7391304347826,28.916666666666668,9.444444444444445,39.0,28.2,1.2,26.5625,2225.0
2.888888888888889,2.7142857142857144,67.94117647058823,16.555555555555557,32.5,115.38461538461539,41.6,109.4375,7.823529411764706,52.1875,88.38461538461539,74.7,117.9375,50.05263157894737,35.875,8.833333333333334,77.0909090909091,77.46666666666667,108.22222222222223,44.6,97.57142857142857,5.533333333333333,138.26666666666668,30.238095238095237,16.076923076923077,230.17391304347825,148.61904761904762,128.3,60.857142857142854,37.25,43.0,58.38095238095238,3.5,25.235294117647058,95.41666666666667,0.0,203.6,69.75,21.9,179.1,11.705882352941176,56.166666666666664,107.41176470588235,61.888888888888886,17.352941176470587,10.857142857142858,23.272727272727273,7.7,9.5,2.75,3.0,85.42857142857143,7.2,10.0,20.61904761904762,25.466666666666665,109.30434782608695,4.9,64.3125,40.714285714285715,16.647058823529413,50.86363636363637,42.25,14.222222222222221,15.0,9.222222222222221,57.57142857142857,62.25,10.133333333333333,217.5,14.5,87.91666666666667,27.8125,8.133333333333333,219.6153846153846,94.5,80.11111111111111,31.77777777777778,46.75,42.0,15.384615384615385,1.4285714285714286,12.0,93.26086956521739
3.0,3.375,38.1,7.4,15.142857142857142,37.833333333333336,37.57142857142857,31.95,2.6666666666666665,37.857142857142854,41.13333333333333,29.857142857142858,62.916666666666664,38.714285714285715,14.4,2.3333333333333335,71.28571428571429,69.33333333333333,50.083333333333336,15.666666666666666,39.90909090909091,2.375,47.55555555555556,20.285714285714285,9.666666666666666,165.0,81.1875,66.7,93.4,32.0,24.4,31.470588235294116,3.0,23.533333333333335,30.565217391304348,203.6,0.0,75.04166666666667,35.34782608695652,55.30769230769231,9.0,54.1,61.77777777777778,57.333333333333336,15.125,8.714285714285714,9.909090909090908,2.4615384615384617,3.888888888888889,1.0,3.0,22.636363636363637,3.0,3.0,7.846153846153846,9.4,33.266666666666666,1.6,19.46153846153846,33.333333333333336,3.7857142857142856,24.25,12.75,11.0,5.2,9.75,14.125,36.75,7.4,14.0,8.0,28.875,18.833333333333332,3.875,225.0,61.64705882352941,30.22222222222222,8.454545454545455,3.4,27.818181818181817,8.2,1.0,10.5,23.695652173913043
19.666666666666668,3.6666666666666665,52.7,11.166666666666666,32.57142857142857,52.083333333333336,32.526315789473685,65.45833333333333,5.0,98.875,146.78947368421052,75.28571428571429,60.5,219.7058823529412,15.666666666666666,3.0,56.64705882352941,161.93333333333334,152.36363636363637,14.555555555555555,122.57142857142857,3.0,95.0625,16.666666666666668,4.769230769230769,178.42105263157896,164.83333333333334,70.16666666666667,411.6,113.2,29.133333333333333,136.57142857142858,45.166666666666664,300.85,106.45454545454545,69.75,75.04166666666667,0.0,102.41666666666667,50.55555555555556,20.11111111111111,27.36842105263158,25.263157894736842,10.571428571428571,10.0,5.571428571428571,12.666666666666666,12.0,4.777777777777778,1.3333333333333333,1.1538461538461537,42.5,2.4,3.75,11.75,9.0,50.3,3.0,31.5,15.857142857142858,11.583333333333334,25.666666666666668,13.785714285714286,8.0625,2.4285714285714284,7.333333333333333,11.545454545454545,24.75,6.9,9.0,4.0,34.5,8.1875,3.8947368421052633,64.125,71.71428571428571,19.727272727272727,8.615384615384615,6.333333333333333,23.88235294117647,8.909090909090908,1.0,20.5,59.111111111111114
1.7142857142857142,2.8333333333333335,18.416666666666668,3.7142857142857144,17.333333333333332,20.8,8.0,18.529411764705884,1.4285714285714286,15.0,28.25,9.5,39.4,21.0,6.0,1.5714285714285714,66.0,44.25,31.666666666666668,5.666666666666667,23.25,1.6666666666666667,35.0,4.666666666666667,5.142857142857143,73.22222222222223,59.25,25.7,34.0,5.0,26.5,29.5,2.75,26.153846153846153,15.833333333333334,21.9,35.34782608695652,102.41666666666667,0.0,18.533333333333335,11.142857142857142,20.142857142857142,7.0,6.583333333333333,4.9,3.7777777777777777,4.928571428571429,2.5714285714285716,2.7142857142857144,0.0,1.25,15.833333333333334,1.1428571428571428,1.4166666666666667,4.636363636363637,4.833333333333333,19.642857142857142,1.4444444444444444,9.666666666666666,14.285714285714286,2.625,21.916666666666668,9.125,3.0,1.25,2.6666666666666665,11.333333333333334,10.142857142857142,1.6666666666666667,1.6666666666666667,1.5,15.666666666666666,2.9166666666666665,3.4,26.705882352941178,43.55555555555556,5.411764705882353,3.8,1.5714285714285714,20.5,3.3636363636363638,1.0,3.6,12.941176470588236
